0.8167 1.7396 3.1965 1
0.1856 2.5829 4.3414 1
1.9578 4.0978 1.7552 1
2.3527 -1.4312 -0.3274 1
0.7807 0.7409 -0.2844 1
-1.5565 -2.7758 3.7489 1
2.8791 4.3130 4.1275 1
-3.8376 0.0453 -3.9938 2
-0.4355 -2.7518 -1.0767 2
-1.8270 -0.0887 -2.1139 2
-4.9628 -0.6300 -0.6008 2
-1.2909 -3.2904 -1.9808 2
-3.1015 -2.2597 -1.0142 2
2.6038 -0.7310 2.6550 1
3.8098 1.2815 3.1010 1
-3.0381 -5.2829 -0.8122 2
-3.6716 -4.7737 -7.2283 2
-1.4939 -0.1684 -3.7160 2
-0.3066 2.8310 0.9108 1
-3.5865 -4.2662 -0.6450 2
-2.8162 -2.3306 -3.2287 2
2.4241 -0.6715 -3.5254 2
0.5851 3.3843 2.0238 1
0.8611 -0.1922 2.9260 1
3.1888 0.7285 1.2135 1
-6.4559 -3.7066 -3.0378 2
-0.7836 -1.9499 -1.6917 2
2.7349 1.8213 -0.2829 1
-4.0274 -2.3775 -1.5724 2
-2.3010 -2.3061 -0.7063 2
-2.3522 -3.0839 -3.0136 2
-6.1477 -1.0371 3.5456 2
1.9678 2.9294 0.2122 1
-4.6635 -3.0531 -1.7005 2
2.2049 0.1631 1.6782 1
-1.5575 -3.5634 -3.2826 2
1.1082 -0.0560 1.8424 1
0.9295 3.5033 0.7132 1
3.0385 1.8450 2.4917 1
-3.1523 -3.1381 -4.3149 2
-1.0508 -3.7306 -6.4914 2
-0.4907 -5.2420 -2.5516 2
-1.6686 -5.5943 -1.7349 2
2.1059 2.5191 0.2080 1
-1.0291 4.0621 1.6573 1
-0.4943 -0.1768 2.5114 1
-1.9932 -3.6432 -2.4785 2
3.3865 2.6378 1.8342 1
-1.2273 0.8580 3.0693 1
2.0079 1.0905 4.7904 1
-2.9579 -3.4482 -2.0402 2
5.6653 4.1362 -0.3932 1
2.7928 3.6769 0.7670 1
-3.4025 -4.0050 -3.7308 2
-2.0515 0.4847 3.2365 1
-3.1203 0.8489 -4.7242 2
-1.9475 -3.2046 -2.0662 2
1.5299 0.2019 1.6519 1
4.3258 0.6593 1.6546 1
-1.2205 -1.0885 -2.3571 2
-0.7492 -1.3176 -0.3203 2
-0.5170 -0.8412 1.2342 2
1.7925 2.4901 1.2074 1
-1.3841 -2.5117 -4.0494 2
-1.1177 3.0940 2.7539 1
-2.4921 -2.6187 0.5047 2
2.5936 0.8652 1.4561 1
1.8621 0.2491 1.7331 1
6.0172 2.1040 2.4536 1
0.5922 -2.3300 -3.1210 2
-1.6171 -0.5310 -1.1281 2
-0.7806 -2.2832 -4.7145 2
-2.1676 -1.6419 -1.7679 2
-1.6383 -3.7193 -2.8242 2
-2.7339 -2.6388 -3.1818 2
0.5988 4.2528 4.3995 1
-3.1020 -2.7708 -4.1562 2
-2.3560 0.3428 1.0142 2
-2.1860 -0.9897 -4.8761 2
0.3622 0.2306 -5.7795 2
-2.7352 -0.3779 -5.0121 2
1.3357 0.6084 3.2303 1
-1.3326 -3.2497 -2.0936 2
3.8806 1.1002 0.8166 1
3.7919 2.4142 0.4458 1
-0.6251 1.8854 3.3274 1
-2.4859 -1.1443 1.4900 2
-4.7061 -4.6432 0.3705 2
-1.6357 -0.7556 0.5083 2
2.7549 0.0315 0.8598 1
3.9275 -0.7083 1.9318 1
3.1670 3.1358 0.9892 1
-1.5842 -1.7564 -3.7115 2
-6.1946 -1.6814 -3.4104 2
3.9402 0.4256 2.1181 1
2.8747 2.8799 3.8214 1
2.0940 5.5094 -0.2541 1
1.8794 -0.5837 -4.6762 2
2.7033 3.2087 0.7044 1
-4.9253 -0.9364 -5.2551 2
-3.0094 2.4289 -2.8750 2
-1.7622 0.5078 -2.3952 2
-2.4775 -0.7468 -3.0540 2
-3.4655 -2.3525 1.2727 2
6.5024 -0.2091 -0.1273 1
-1.9217 -1.1355 -2.3289 2
-0.9964 -1.5319 -0.9937 2
-4.5509 -2.6010 1.1017 2
-2.8903 -3.1956 -0.9725 2
4.6865 2.8128 2.5641 1
-3.1381 -1.2360 0.1768 2
1.5138 -2.7381 -3.3978 2
3.6160 1.1118 2.8452 1
3.0482 0.7246 2.1647 1
-1.5614 1.2402 -3.3471 2
2.2744 0.5290 1.1150 1
4.7596 2.3961 -0.8097 1
3.7714 -0.7343 0.5308 1
-3.5803 -3.0505 -4.3237 2
3.2520 0.1820 -1.0778 1
-5.9279 -0.6770 -1.3585 2
0.1858 2.6738 4.3360 1
-2.7224 -2.8419 -4.0833 2
4.1952 -0.2084 1.6489 1
0.2956 1.3009 -0.9633 1
-1.5767 -1.7564 -5.5523 2
0.1727 0.2867 -4.9400 2
-2.0718 2.2207 0.6109 1
-2.1911 -4.3075 0.6174 2
3.1248 4.2637 2.6199 1
2.9339 0.8367 2.8500 1
-0.4315 4.7409 1.2525 1
-2.3476 0.0389 0.0419 1
-2.1507 -3.2739 -4.1966 2
0.0945 3.7662 3.9134 1
1.2326 0.8833 3.1084 1
-0.2532 3.7335 1.0671 1
-3.1370 1.2103 -1.6011 2
1.0289 2.0467 0.9291 1
1.9368 1.7450 3.5157 1
-1.5833 -2.5969 -4.4830 2
0.3195 4.6391 5.1552 1
-4.0732 0.4334 -4.5971 2
-0.8937 3.2978 0.5819 1
2.3320 2.9784 -0.1674 1
-3.4777 -2.6194 -4.1980 2
-2.1768 -1.5939 -3.8408 2
-1.7666 -1.4426 -2.6915 2
-6.1015 -0.3290 -1.3430 2
-3.0496 -0.6608 -0.9496 2
-1.5487 -3.0136 -1.8274 2
-3.4080 -4.8007 -1.8420 2
-4.0088 -1.1561 -2.1599 2
2.3022 0.2821 1.7767 1
1.5630 1.5141 3.0558 1
0.4872 0.3086 -1.5781 1
-1.6310 -1.6216 -3.1078 2
0.9659 -0.5737 3.9054 1
-2.5887 -1.8810 -2.9632 2
-0.5131 -5.3962 -0.7684 2
-4.8889 -4.6210 -2.6610 2
-0.6391 4.1012 -1.0268 1
3.2743 3.3562 -0.9900 1
4.9411 -0.7349 0.7319 1
2.1943 1.0785 -4.8329 2
-1.3737 -3.2638 -1.2725 2
4.4742 3.3348 1.4587 1
-2.2129 -1.0399 -0.1838 2
-0.5832 -0.2621 -2.7121 2
4.1045 1.6581 2.2619 1
-4.4521 0.7636 -0.3086 2
-0.1093 -0.6320 4.6691 1
2.2506 -0.5541 4.1426 1
-1.7137 -0.9225 -2.6816 2
-3.4620 -0.7559 -1.3451 2
0.3577 -3.9313 1.2984 2
-0.4237 -0.3778 -5.2429 2
-0.1061 0.8565 -4.3253 2
5.9118 2.5928 -0.6738 1
3.8024 3.4674 3.8185 1
-2.1374 0.9214 3.0193 1
-0.6171 -4.6779 -1.2978 2
-2.5670 -1.6937 -2.8885 2
-0.5115 3.4999 -1.3166 1
2.5305 0.8551 2.7114 1
2.9959 1.8920 3.6028 1
-2.1397 -0.0613 -2.6994 2
-1.7943 1.3306 -1.4928 1
6.6897 1.0297 2.4281 1
-1.9389 2.6220 6.4593 1
2.8938 -1.6957 0.7905 1
3.4315 3.7118 1.1759 1
0.8453 -3.0825 -3.8307 2
-3.7417 -0.5219 -3.6687 2
1.6610 1.0238 3.6569 1
0.1947 2.1592 1.1521 1
3.1766 0.6758 0.8497 2
-2.2395 -2.8977 -0.7546 2
-0.7983 1.3276 -0.7830 1
2.0528 4.1864 2.3908 1
2.0278 -0.3286 -0.4534 1
-2.3175 -1.0747 -0.1751 2
2.7676 5.0048 2.6345 1
1.3590 5.0200 2.5903 1
2.0920 1.4016 -6.2313 2
1.0096 -2.4463 -0.1102 1
3.4339 1.4821 3.6018 1
-3.6937 -1.0161 -2.4842 2
1.4187 4.0408 0.1010 1
1.0200 5.2842 6.0031 1
4.0451 1.1371 -3.0506 1
-0.3092 0.8122 1.8833 1
-2.5577 -4.0667 2.8685 2
-5.0834 0.8071 0.9583 2
-0.3055 -5.5111 -2.5457 2
-2.8457 -1.0705 0.3178 2
-0.2445 4.9932 4.7615 1
-5.0389 -1.1364 -4.4656 2
4.0054 3.0429 1.2172 1
1.4616 0.5491 -0.9044 1
-4.1049 -2.8893 2.4026 2
-0.7569 3.7963 -0.3394 1
-2.2790 -2.0071 -4.3226 2
-0.9696 2.7905 4.6731 1
-2.7065 0.3575 -1.8805 2
-1.2388 -3.0333 -6.7896 2
-2.3242 -3.3789 -1.7529 2
-1.4582 -2.7339 -3.1089 2
2.8877 0.7124 2.2253 1
-0.8507 -2.6405 -0.7320 2
1.5073 1.4937 4.0378 1
2.9069 0.7601 2.8395 1
-1.9966 -2.8021 -3.6323 2
-2.8105 -1.1687 -4.3718 2
2.6338 2.6799 2.7350 1
3.2036 2.5639 -2.4414 1
3.0892 3.7361 5.8009 1
-5.0235 0.8796 -3.2006 2
1.9922 -0.5285 0.4959 1
2.5682 0.4830 -1.4903 1
-0.2656 -3.0604 -0.5541 2
-0.5277 2.1353 3.6333 1
-4.5936 -1.4762 -2.8386 2
-4.5852 -0.3155 3.5053 2
-3.4805 0.1937 -2.3843 2
-1.7861 -1.3247 -2.3747 2
-4.5790 -0.8797 -1.1672 2
-1.8281 -1.1763 -3.3982 2
2.7984 5.3882 5.2617 1
-2.8395 -1.5389 -2.4937 2
-1.4629 -0.4661 -1.8705 2
-2.5836 1.2100 -5.0444 2
-3.9942 -1.6004 -0.0306 2
1.2341 1.9562 0.1864 1
0.4917 2.7912 3.2893 1
-2.4837 -1.9878 -0.6425 2
-0.2803 -1.8281 -1.1832 2
-4.7778 -4.6113 -2.1017 2
3.7078 6.0210 0.6417 1
2.8994 2.0581 3.9897 1
-1.6889 2.0214 0.0050 2
1.3594 1.5557 0.8447 1
-2.0639 0.3733 -3.8674 2
0.0052 -0.4572 -3.5719 2
3.6922 3.7133 5.7745 1
-3.0867 -4.9913 -4.1475 2
3.0827 4.1552 5.5368 1
-4.5087 0.2031 -0.2316 2
0.9804 1.8225 6.8112 1
0.5262 3.1434 1.0918 1
0.8149 5.6165 2.1148 1
2.7412 0.1079 2.6961 1
-4.8393 -4.6805 -1.6343 2
-3.1525 -0.1544 -3.5636 2
4.0318 1.6121 0.6856 1
-2.7581 1.3844 -0.5795 2
4.1974 4.8575 6.1252 1
0.2964 -1.2996 -2.7247 2
0.4331 -4.9571 -0.3110 2
4.5577 1.9632 1.1921 1
-0.2681 1.1109 -1.0781 1
2.1387 0.3543 3.8087 1
0.0226 1.5555 3.8091 1
0.8164 0.7997 4.6588 1
-1.9153 4.5299 -2.1172 2
-2.7777 -0.7210 -0.6636 2
2.8214 2.3831 2.6246 1
-1.0756 -0.5005 -0.7040 2
4.9541 2.0432 0.4241 1
1.2624 1.6103 -1.1557 1
1.2446 3.6647 0.6345 1
5.0402 2.6191 -1.5042 1
-0.9097 -2.3347 -0.7366 2
-4.2101 -0.3253 -1.8949 2
1.9204 0.9324 4.0622 1
-3.9489 -3.3619 -1.9469 2
5.7980 0.7917 -0.1426 1
-3.1281 -0.4152 -1.4838 2
-4.0773 -3.5547 2.2338 2
-0.4853 -1.3677 -2.7263 2
2.6309 0.9874 3.6586 1
2.1740 -0.4684 -2.1941 1
0.5420 -1.8781 -1.9385 2
-2.9667 -2.0577 -2.0132 2
-3.6674 -0.8970 1.3768 2
-3.8515 -2.1348 -1.1740 2
-4.2918 -5.2618 -3.8067 2
-2.6418 -1.1297 -6.8437 2
3.5572 -0.9831 1.0786 1
1.3101 0.3584 -0.8481 1
4.3683 2.1911 4.0561 1
-1.0489 -2.3078 -6.1642 2
1.4834 -0.0447 3.6508 1
1.4164 0.9450 2.2450 1
-4.1763 -3.7857 -3.4037 2
-2.9198 -0.9493 -2.7130 2
2.6903 0.6407 4.7579 1
-3.2557 2.9466 -3.0965 2
-2.1367 -1.2495 -0.3538 2
-2.8212 -6.3825 1.8035 2
-0.2328 -3.2679 -2.9179 2
-4.7793 -1.7570 -2.2612 2
2.4899 0.5948 -1.4944 1
3.3147 1.2617 2.4703 1
-2.1364 -1.3010 -0.4372 2
-4.1801 1.2304 -2.0656 2
-1.1118 4.8444 3.7280 1
2.6150 1.6742 2.3009 1
-4.6126 -3.6223 -0.0017 2
-0.7406 -5.6896 -1.6447 2
1.4164 2.6195 2.3389 1
-1.3454 2.1982 -4.9222 2
0.1765 0.5621 -2.1162 2
-1.3484 -0.1728 3.2663 1
-4.9462 -1.3323 -1.6761 2
-1.3530 1.5191 -2.1650 2
-0.4537 -1.8004 4.5225 2
0.2628 -3.8623 -4.2054 2
0.1069 1.8861 -0.8066 2
2.2607 -0.8032 3.4033 1
1.2432 2.1968 3.6880 1
-5.7701 -1.7518 -5.4017 2
3.4963 1.1129 1.4982 1
-4.0067 -2.7901 -3.6881 2
-1.9755 -3.2323 -3.7491 2
3.7060 0.4199 2.5892 1
-2.1400 -5.4644 -1.7171 2
-0.7508 -0.8431 -3.3978 2
-2.0794 -1.7154 -2.4850 2
-0.9389 0.4445 0.2252 2
-4.9917 -3.4012 -2.4133 2
-4.1719 -1.5873 0.4812 2
-2.9441 -1.4592 -3.3859 2
-0.3622 -4.3996 -2.1320 2
2.7382 3.9482 1.5321 1
0.1266 0.7488 3.1703 1
2.0686 -3.4371 -2.7206 2
-3.3207 -2.4677 -2.8350 2
2.4475 5.4656 1.8266 1
-0.3568 0.3570 -0.1709 2
5.2689 2.7480 -0.6167 1
4.1530 -0.2766 1.3791 1
-2.4895 0.7940 -3.4938 2
-1.0475 0.8232 -3.1914 2
-3.2573 -1.7710 -2.4680 2
-3.6056 -1.1600 -1.1714 2
4.1495 4.7751 1.6735 1
3.5872 -1.0586 0.1790 1
-4.9775 -2.9345 -0.3249 2
-0.0027 -0.1072 1.6165 2
1.1080 -0.2602 -3.0500 1
2.4438 2.7723 2.3695 1
1.0107 4.8874 -0.0538 1
7.1667 2.2080 1.4382 1
4.1155 2.0170 4.5614 1
1.2650 -4.6002 -0.4547 2
-1.4934 0.2047 -5.4960 2
4.2690 2.8031 5.3711 1
-2.1699 1.9629 1.8118 1
-1.5657 3.0771 -1.1950 2
5.2629 0.2285 -0.6397 1
-2.7702 -3.7256 -2.8585 2
-0.9277 -2.0576 -3.9146 2
0.7861 -3.6538 0.4928 2
-0.7918 -4.6774 -0.1831 2
4.2506 3.0104 1.5567 1
-1.0744 1.2054 -0.5123 2
2.5776 0.0617 0.5675 1
-3.7292 -2.2168 -1.5708 2
-1.0075 -0.4011 -1.4818 2
0.5963 -1.3818 -6.0847 2
-5.2249 -0.4288 0.0491 2
-2.3891 1.4488 -4.8180 2
-3.0552 -2.6405 -3.2291 2
1.0819 0.4466 3.6224 1
-2.0661 -6.1255 -0.8862 2
2.7664 5.1722 2.4773 1
0.8170 4.6401 0.4491 1
-2.9532 -3.0635 -3.3861 2
-1.2781 -1.7846 -5.6723 2
2.8707 0.3468 1.9975 1
-2.9510 -1.5137 -1.0625 2
-3.5215 -1.0891 -2.0889 2
0.8257 1.8709 3.8605 1
3.6644 0.8179 1.1285 1
-0.2985 -2.3994 0.4190 2
-4.6098 -0.9978 -1.4195 2
-0.3800 -1.0581 -0.3367 2
-3.4870 0.9662 -1.5088 2
3.7198 0.6080 4.4525 1
1.9733 -0.9632 2.0353 1
-0.1207 -1.2075 2.0084 1
-1.0834 -6.0200 1.0816 2
3.3557 2.9750 2.3122 1
2.4374 -2.3537 -1.9468 2
1.9331 1.9806 1.6538 1
-1.6205 -4.6594 -2.2479 2
2.3883 -1.0955 2.4222 1
1.1736 3.3841 -1.6254 1
3.2099 0.7795 1.0624 1
1.9732 2.4167 1.4265 1
-1.3436 3.6535 -1.3528 1
1.6892 1.3739 2.2194 1
0.9643 1.7052 1.0305 1
1.2449 -1.1796 2.2328 1
-1.2360 -3.7037 0.3615 2
1.3824 5.4769 -0.2334 1
-6.7198 -4.0445 -5.4404 2
-1.2717 0.3213 -2.7127 2
1.7091 1.3431 4.0977 1
5.5641 -0.2498 4.3474 1
-2.2122 -1.8163 1.9106 2
0.0808 2.9094 0.4536 1
-3.7587 -3.0318 -0.8396 2
0.0498 0.3549 -5.0811 2
1.6937 6.5771 1.6954 1
0.2464 0.1718 3.5092 1
4.1767 0.6722 3.2392 1
-3.9529 1.5294 -0.7202 2
3.1101 2.3132 3.2697 1
-1.8005 3.2234 1.1339 1
-1.4140 3.3327 2.1883 1
-4.1107 -2.6232 -0.0734 2
-2.5934 -2.8878 -4.8199 2
0.9976 2.6137 1.3380 1
0.7740 0.8202 3.9322 1
2.1493 3.4112 0.8959 1
5.8648 5.0634 1.6026 1
1.1443 -0.4081 -4.1761 2
-7.5030 -3.5460 -3.1645 2
2.6200 -0.9601 3.6756 1
0.8785 2.2127 3.4591 1
0.3369 -1.1506 -3.9708 2
4.0072 1.6229 0.9748 1
-1.2425 -2.1235 -3.9149 2
0.3626 -2.0998 -1.4456 2
-1.4398 1.0424 1.5520 1
-2.6724 3.5516 -3.2511 2
1.2310 4.1731 -1.7762 2
-3.8946 -5.1288 -1.3174 2
0.0515 4.8458 0.5195 1
-2.3963 -2.3318 -2.5659 2
-0.3973 -0.9454 -2.5755 2
-0.7809 1.4656 4.6543 1
1.2333 -0.6174 2.9936 1
2.5484 -0.2654 5.4311 1
2.6328 2.6101 1.5034 1
-4.6933 -1.2783 -0.0531 2
-3.0917 0.3462 0.4100 2
0.1750 2.7805 0.2179 1
-1.1482 -1.5351 1.7788 2
0.3313 -3.1991 0.1037 2
2.5922 -0.3858 2.0797 1
0.6071 2.8641 2.0464 1
-4.0959 -0.3898 -0.6791 2
2.1832 4.1880 0.1841 1
-3.1993 -1.6551 -1.9966 2
-1.0239 -2.2376 0.1697 2
5.9505 3.2699 2.1416 1
5.1265 0.3724 5.2365 1
-0.6002 2.1012 -4.2210 2
-1.6364 -0.3258 1.7791 2
-1.2371 2.1357 4.8870 1
4.2388 0.3015 1.0329 1
-6.5897 -6.6396 -2.7677 2
-1.1434 -2.2368 2.2548 2
2.3069 3.0991 2.2615 1
-4.0091 -2.5577 -2.4853 2
-5.9248 -1.5402 -2.4712 2
3.1254 -2.0988 -0.7294 1
5.1817 1.8137 0.2466 1
0.6438 5.7038 2.5475 1
0.5410 2.7572 1.7626 1
-0.9742 -0.6709 -3.6354 2
2.0639 2.2866 2.2705 1
1.3752 2.5057 3.1610 1
2.1049 2.4574 0.9503 1
-2.1739 -5.8966 -0.3607 2
5.0004 4.2129 1.0909 1
0.2402 -2.3699 0.0646 2
